562539 Pedestrian -447.628 4604.01 204 0 0
562539 Pedestrian -447.628 4604.01 204 0 0
562563 Pedestrian -447.606 4603.82 204 -0.83117 0.000132246
562588 Pedestrian -447.58 4603.43 204 -5.00459 2.9419e-05
562612 Pedestrian -447.554 4603.13 204 -5.14342 -2.79633e-06
562636 Pedestrian -447.538 4602.92 204 -4.11875 -9.36059e-06
562660 Pedestrian -447.522 4602.78 204 -3.13786 -5.97186e-06
562684 Pedestrian -447.505 4602.66 204 -2.42967 -1.77259e-06
562708 Pedestrian -447.49 4602.61 204 -1.86951 2.68713e-06
562732 Pedestrian -447.482 4602.63 204 -1.41256 6.75782e-06
562756 Pedestrian -447.469 4602.65 204 -1.06598 1.09053e-05
562780 Pedestrian -447.455 4602.61 204 -0.835603 1.23363e-05
562804 Pedestrian -447.446 4602.64 204 -0.659534 1.18411e-05
562829 Pedestrian -447.434 4602.71 204 -0.50539 1.30555e-05
562853 Pedestrian -447.426 4602.79 204 -0.385456 1.22726e-05
562877 Pedestrian -447.414 4602.76 204 -0.31651 8.68631e-06
562901 Pedestrian -447.406 4602.83 204 -0.24757 8.08766e-06
562925 Pedestrian -447.4 4602.95 204 -0.177535 9.35076e-06
562950 Pedestrian -447.385 4602.85 204 -0.158427 4.8319e-06
562973 Pedestrian -447.367 4602.74 204 -0.145819 3.22274e-06
562998 Pedestrian -447.351 4602.64 204 -0.140113 2.35545e-06
563021 Pedestrian -447.337 4602.54 204 -0.13727 2.06624e-06
563046 Pedestrian -447.322 4602.44 204 -0.136252 2.17019e-06
563069 Pedestrian -447.307 4602.34 204 -0.137665 1.99138e-06
563094 Pedestrian -447.292 4602.24 204 -0.139264 2.01932e-06
563118 Pedestrian -447.277 4602.14 204 -0.141689 1.88484e-06
563142 Pedestrian -447.262 4602.04 204 -0.143853 1.79941e-06
563166 Pedestrian -447.248 4601.94 204 -0.145697 1.73807e-06
563190 Pedestrian -447.233 4601.84 204 -0.147231 1.67849e-06
563214 Pedestrian -447.218 4601.74 204 -0.148422 1.62182e-06
563238 Pedestrian -447.203 4601.64 204 -0.149267 1.56962e-06
563263 Pedestrian -447.188 4601.54 204 -0.149603 1.59042e-06
563479 Pedestrian -447.049 4603.76 204 -0.024134 1.46144e-05
563504 Pedestrian -447.049 4603.76 204 -0.0496288 -1.49249e-06
563528 Pedestrian -447.053 4603.84 204 -0.016099 1.65668e-06
